Jupyter Notebookmain code-copy3 Last Checkpoint: 02/22/2020 (autosaved)
Python 3 
File
Edit
View
Insert
Cell
Kernel
Help

Code
import numpy as np
import matplotlib.pyplot as plt
import pandas as pd
from sklearn.svm import SVR
dataset = pd.read_csv('miladii.csv')
dataset.head()
​
pre	temp	dis
0	54.00	-0.23	4.17
1	60.00	-0.94	4.80
2	51.67	0.77	7.38
3	47.33	5.95	13.66
4	26.00	11.97	12.28
X = dataset.iloc[:,:2].values
y = dataset.iloc[:,-1].values
X
array([[ 5.4000e+01, -2.3000e-01],
       [ 6.0000e+01, -9.4000e-01],
       [ 5.1670e+01,  7.7000e-01],
       [ 4.7330e+01,  5.9500e+00],
       [ 2.6000e+01,  1.1970e+01],
       [ 1.3670e+01,  1.6860e+01],
       [ 4.3300e+00,  2.1680e+01],
       [ 0.0000e+00,  2.4470e+01],
       [ 0.0000e+00,  2.1850e+01],
       [ 0.0000e+00,  1.5920e+01],
       [ 1.0000e+01,  1.2010e+01],
       [ 9.1000e+01,  7.1800e+00],
       [ 6.3000e+01,  2.2300e+00],
       [ 2.2000e+01,  1.8400e+00],
       [ 6.2000e+01,  4.4600e+00],
       [ 4.6000e+01,  8.0900e+00],
       [ 6.3670e+01,  1.1710e+01],
       [ 2.7330e+01,  1.6500e+01],
       [ 0.0000e+00,  2.2910e+01],
       [ 0.0000e+00,  2.4560e+01],
       [ 0.0000e+00,  2.1910e+01],
       [ 2.4000e+01,  1.7180e+01],
       [ 6.0670e+01,  1.0740e+01],
       [ 8.3670e+01,  4.8500e+00],
       [ 6.5670e+01,  2.7500e+00],
       [ 5.4670e+01,  2.6500e+00],
       [ 5.3000e+01,  2.1000e+00],
       [ 4.3330e+01,  6.9900e+00],
       [ 6.9330e+01,  1.2170e+01],
       [ 3.2830e+01,  1.7150e+01],
       [ 2.3300e+00,  2.2360e+01],
       [ 0.0000e+00,  2.3460e+01],
       [ 0.0000e+00,  2.1550e+01],
       [ 0.0000e+00,  1.6730e+01],
       [ 4.6000e+01,  1.1290e+01],
       [ 7.2330e+01,  6.2800e+00],
       [ 3.0000e+01,  3.2700e+00],
       [ 4.2000e+01,  1.7500e+00],
       [ 6.1670e+01,  3.0700e+00],
       [ 5.4670e+01,  7.7700e+00],
       [ 6.6500e+01,  1.1420e+01],
       [ 2.8170e+01,  1.5280e+01],
       [ 1.6700e+00,  2.0710e+01],
       [ 0.0000e+00,  2.4370e+01],
       [ 1.0000e+00,  2.2490e+01],
       [ 9.1700e+00,  1.8480e+01],
       [ 4.5670e+01,  1.2100e+01],
       [ 6.2670e+01,  4.2700e+00],
       [ 2.6330e+01,  1.9000e-01],
       [ 3.6000e+01,  1.4200e+00],
       [ 1.2000e+02,  4.5900e+00],
       [ 1.0300e+02,  7.8300e+00],
       [ 4.4330e+01,  1.4430e+01],
       [ 1.0330e+01,  1.9670e+01],
       [ 5.0000e-01,  2.5430e+01],
       [ 1.0000e+00,  2.6630e+01],
       [ 5.0000e-01,  2.3230e+01],
       [ 8.6700e+00,  1.8200e+01],
       [ 9.4330e+01,  1.2930e+01],
       [ 9.8330e+01,  7.1300e+00],
       [ 7.8000e+01,  3.1700e+00],
       [ 7.0330e+01,  1.7300e+00],
       [ 6.6330e+01,  4.7700e+00],
       [ 6.8670e+01,  9.5300e+00],
       [ 4.8670e+01,  1.5170e+01],
       [ 1.2670e+01,  2.1070e+01],
       [ 0.0000e+00,  2.5270e+01],
       [ 0.0000e+00,  2.5200e+01],
       [ 0.0000e+00,  2.4070e+01],
       [ 2.4000e+01,  2.0400e+01],
       [ 2.8670e+01,  1.4630e+01],
       [ 2.7000e+01,  8.5300e+00],
       [ 7.7330e+01, -1.0300e+00],
       [ 1.3133e+02, -8.1300e+00],
       [ 1.0133e+02, -1.5300e+00],
       [ 5.5000e+01,  8.9300e+00],
       [ 3.1000e+01,  1.5630e+01],
       [ 8.3300e+00,  2.1600e+01],
       [ 0.0000e+00,  2.7570e+01],
       [ 0.0000e+00,  2.8970e+01],
       [ 0.0000e+00,  2.6170e+01],
       [ 0.0000e+00,  2.1170e+01],
       [ 3.5330e+01,  1.3830e+01],
       [ 8.5670e+01,  7.9000e+00],
       [ 6.8000e+01,  3.1000e+00],
       [ 6.3000e+01,  1.0300e+00],
       [ 4.4330e+01,  4.4000e+00],
       [ 4.4000e+01,  8.9300e+00],
       [ 2.2330e+01,  1.5430e+01],
       [ 2.8300e+00,  2.2200e+01],
       [ 0.0000e+00,  2.7230e+01],
       [ 0.0000e+00,  2.9170e+01],
       [ 0.0000e+00,  2.6730e+01],
       [ 0.0000e+00,  2.1130e+01],
       [ 2.6330e+01,  1.4730e+01],
       [ 1.3170e+01,  9.4700e+00],
       [ 4.4000e+01,  3.1700e+00],
       [ 3.9330e+01,  1.3300e+00],
       [ 8.0670e+01,  4.3300e+00],
       [ 7.9000e+01,  1.0430e+01],
       [ 6.4170e+01,  1.6870e+01],
       [ 2.5000e+01,  2.1500e+01],
       [ 1.8300e+00,  2.6400e+01],
       [ 0.0000e+00,  2.7670e+01],
       [ 0.0000e+00,  2.4070e+01],
       [ 1.0670e+01,  1.7800e+01],
       [ 2.0000e+01,  1.1570e+01],
       [ 8.0670e+01,  6.0000e+00],
       [ 7.6670e+01, -2.6700e+00],
       [ 6.1670e+01, -4.3700e+00],
       [ 1.1417e+02, -1.1000e+00],
       [ 7.8000e+01,  7.1000e+00],
       [ 9.1670e+01,  1.2070e+01],
       [ 4.8000e+01,  1.6870e+01],
       [ 5.0000e+00,  2.2370e+01],
       [ 0.0000e+00,  2.5370e+01],
       [ 0.0000e+00,  2.2330e+01],
       [ 0.0000e+00,  1.6770e+01],
       [ 5.5330e+01,  1.0970e+01],
       [ 9.1330e+01,  5.8000e+00],
       [ 8.1170e+01,  1.0700e+00],
       [ 4.8000e+01,  7.0000e-01],
       [ 8.3000e+01,  4.2300e+00],
       [ 5.2000e+01,  8.4300e+00],
       [ 6.8170e+01,  1.1270e+01],
       [ 3.6330e+01,  1.6270e+01],
       [ 3.1700e+00,  2.2330e+01],
       [ 0.0000e+00,  2.6700e+01],
       [ 0.0000e+00,  2.6100e+01],
       [ 0.0000e+00,  1.8870e+01],
       [ 6.8670e+01,  1.0970e+01],
       [ 8.3000e+01,  5.4000e+00],
       [ 5.1000e+01,  3.6700e+00],
       [ 7.8670e+01,  2.7300e+00],
       [ 6.1000e+01,  3.9000e+00],
       [ 4.5170e+01,  8.7700e+00],
       [ 5.9170e+01,  1.3200e+01],
       [ 4.3500e+01,  1.8670e+01],
       [ 1.0830e+01,  2.3930e+01],
       [ 2.6700e+00,  2.5900e+01],
       [ 1.3300e+00,  2.3170e+01],
       [ 2.0000e+01,  1.7570e+01],
       [ 1.3800e+02,  1.1630e+01],
       [ 1.6267e+02,  4.3000e+00],
       [ 7.0000e+01,  2.1300e+00],
       [ 2.7670e+01,  3.1300e+00],
       [ 4.8670e+01,  5.0300e+00],
       [ 7.9330e+01,  8.6700e+00],
       [ 6.5000e+01,  1.2500e+01],
       [ 3.9330e+01,  1.7500e+01],
       [ 1.0830e+01,  2.3000e+01],
       [ 2.6700e+00,  2.6330e+01],
       [ 1.3300e+00,  2.3900e+01],
       [ 0.0000e+00,  1.7770e+01],
       [ 6.6700e+00,  1.1770e+01],
       [ 2.3330e+01,  4.2300e+00],
       [ 7.6000e+01,  8.7000e-01],
       [ 8.7000e+01, -7.0000e-02],
       [ 1.1633e+02,  3.2000e+00],
       [ 1.1900e+02,  7.6000e+00],
       [ 5.7500e+01,  1.2830e+01],
       [ 1.0830e+01,  1.8670e+01],
       [ 3.3000e-01,  2.4000e+01],
       [ 0.0000e+00,  2.6430e+01],
       [ 0.0000e+00,  2.3470e+01],
       [ 0.0000e+00,  1.8200e+01],
       [ 4.0000e+00,  1.1930e+01],
       [ 1.1630e+01,  6.9000e+00],
       [ 3.6820e+01,  5.1000e+00],
       [ 2.8000e+01,  1.1700e+00],
       [ 6.0670e+01,  1.9000e+00],
       [ 9.9000e+01,  5.7300e+00],
       [ 5.3500e+01,  1.2200e+01],
       [ 1.1830e+01,  1.8530e+01],
       [ 1.5000e+00,  2.3530e+01],
       [ 5.6700e+00,  2.6030e+01],
       [ 2.8300e+00,  2.2970e+01],
       [ 1.0000e+01,  1.8270e+01],
       [ 4.1000e+01,  1.1800e+01],
       [ 4.4000e+01,  6.0300e+00],
       [ 6.2330e+01, -4.0000e-01],
       [ 6.0670e+01, -8.7000e-01],
       [ 9.1330e+01,  2.3700e+00],
       [ 7.3000e+01,  8.5700e+00],
       [ 3.3400e+01,  1.3430e+01],
       [ 9.9500e+00,  1.8600e+01],
       [ 4.5000e+00,  2.4400e+01],
       [ 7.3300e+00,  2.6170e+01],
       [ 2.8300e+00,  2.4230e+01],
       [ 6.6700e+00,  1.8370e+01],
       [ 1.5330e+01,  1.2500e+01],
       [ 8.6700e+00,  8.8700e+00],
       [ 4.1330e+01,  5.4300e+00],
       [ 5.6000e+01,  3.2000e+00],
       [ 5.4000e+01,  4.7000e+00],
       [ 2.7330e+01,  8.7700e+00],
       [ 9.2300e+00,  1.4500e+01],
       [ 2.2800e+00,  2.0470e+01],
       [ 3.3300e+00,  2.5670e+01],
       [ 1.6700e+00,  2.7370e+01],
       [ 0.0000e+00,  2.4000e+01],
       [ 0.0000e+00,  1.9100e+01],
       [ 4.7330e+01,  1.2100e+01],
       [ 6.0330e+01,  4.6000e+00],
       [ 4.1000e+01,  1.8700e+00],
       [ 5.2000e+01, -3.7000e-01],
       [ 2.5000e+01,  2.6000e+00],
       [ 3.6830e+01,  9.4000e+00],
       [ 3.7250e+01,  1.4800e+01],
       [ 1.0000e+01,  1.9630e+01],
       [ 0.0000e+00,  2.5030e+01],
       [ 0.0000e+00,  2.7170e+01],
       [ 0.0000e+00,  2.3630e+01],
       [ 2.4000e+01,  1.7130e+01],
       [ 5.2330e+01,  1.1270e+01],
       [ 1.0950e+02,  5.9000e+00],
       [ 6.4000e+01,  3.0300e+00],
       [ 4.0000e+01,  3.9700e+00],
       [ 4.1170e+01,  5.7000e+00],
       [ 1.0067e+02,  9.9300e+00],
       [ 5.9170e+01,  1.4130e+01],
       [ 7.6700e+00,  1.8700e+01],
       [ 0.0000e+00,  2.3530e+01],
       [ 0.0000e+00,  2.6500e+01],
       [ 0.0000e+00,  2.3270e+01],
       [ 8.0000e+00,  1.8500e+01],
       [ 1.8670e+01,  1.2430e+01],
       [ 5.8330e+01,  6.8300e+00],
       [ 5.8830e+01,  3.4000e+00],
       [ 5.0670e+01,  1.7700e+00],
       [ 3.5000e+01,  5.2700e+00],
       [ 7.4830e+01,  8.6700e+00],
       [ 4.8920e+01,  1.2470e+01],
       [ 1.0000e+01,  1.8130e+01],
       [ 1.0000e+00,  2.3400e+01],
       [ 0.0000e+00,  2.5200e+01],
       [ 0.0000e+00,  2.2500e+01],
       [ 3.3300e+00,  1.9030e+01],
       [ 5.6670e+01,  1.2670e+01],
       [ 5.7170e+01,  6.0700e+00],
       [ 4.0830e+01,  2.2300e+00],
       [ 8.5000e+01,  7.7000e-01],
       [ 7.0000e+01,  3.8300e+00],
       [ 6.5330e+01,  8.8300e+00],
       [ 5.8670e+01,  1.3300e+01],
       [ 2.2920e+01,  1.8300e+01],
       [ 6.8300e+00,  2.3500e+01],
       [ 2.0000e+00,  2.5730e+01],
       [ 0.0000e+00,  2.3270e+01],
       [ 1.3300e+00,  1.8830e+01],
       [ 5.3330e+01,  1.2630e+01],
       [ 9.2330e+01,  6.4300e+00],
       [ 9.5670e+01,  3.4300e+00],
       [ 6.1330e+01,  3.1700e+00],
       [ 1.7000e+01,  6.5000e+00],
       [ 5.9670e+01,  9.1000e+00],
       [ 8.1670e+01,  1.2530e+01],
       [ 3.3500e+01,  1.7730e+01],
       [ 1.1670e+01,  2.2800e+01],
       [ 4.0000e+00,  2.5070e+01],
       [ 0.0000e+00,  2.3470e+01],
       [ 0.0000e+00,  1.9030e+01],
       [ 4.1330e+01,  1.2900e+01],
       [ 4.0670e+01,  5.2300e+00],
       [ 4.8670e+01, -1.3000e+00],
       [ 5.6670e+01, -3.8700e+00],
       [ 7.7000e+01,  2.8700e+00],
       [ 5.3830e+01,  9.0000e+00],
       [ 3.1000e+01,  1.3370e+01],
       [ 1.2000e+01,  1.8430e+01],
       [ 1.3300e+00,  2.3730e+01],
       [ 1.2670e+01,  2.6630e+01],
       [ 6.3300e+00,  2.3600e+01],
       [ 0.0000e+00,  1.8530e+01],
       [ 2.4000e+01,  1.1230e+01],
       [ 2.4670e+01,  6.7300e+00],
       [ 5.3000e+01,  2.1700e+00],
       [ 8.2670e+01,  2.3000e+00],
       [ 4.1670e+01,  5.9700e+00],
       [ 8.5330e+01,  9.4300e+00],
       [ 6.9500e+01,  1.3570e+01],
       [ 1.4920e+01,  1.9300e+01],
       [ 0.0000e+00,  2.4600e+01],
       [ 0.0000e+00,  2.6870e+01],
       [ 0.0000e+00,  2.4330e+01],
       [ 9.3300e+00,  1.8900e+01],
       [ 1.0333e+02,  1.1830e+01],
       [ 7.2670e+01,  3.5000e+00],
       [ 3.7670e+01, -3.2700e+00],
       [ 6.4330e+01, -2.2000e+00],
       [ 5.7670e+01,  3.3000e+00],
       [ 2.0000e+01,  7.7000e+00],
       [ 1.5670e+01,  1.2970e+01],
       [ 8.8300e+00,  1.9130e+01],
       [ 1.0000e+00,  2.4070e+01],
       [ 0.0000e+00,  2.5970e+01],
       [ 2.6700e+00,  2.3600e+01],
       [ 1.3300e+00,  1.8830e+01],
       [ 5.0000e+00,  1.3030e+01],
       [ 3.9170e+01,  6.5300e+00],
       [ 4.5670e+01, -2.9000e+00],
       [ 4.0330e+01, -5.7000e+00],
       [ 3.4670e+01,  2.5700e+00],
       [ 5.8670e+01,  1.1170e+01],
       [ 3.4670e+01,  1.5100e+01],
       [ 6.0000e+00,  1.9430e+01],
       [ 3.3000e-01,  2.4400e+01],
       [ 0.0000e+00,  2.7130e+01],
       [ 8.0000e+00,  2.4700e+01],
       [ 4.0000e+00,  1.9270e+01],
       [ 6.4000e+01,  1.1570e+01],
       [ 6.7330e+01,  4.9700e+00],
       [ 2.8330e+01,  1.3000e+00],
       [ 4.2670e+01,  2.4000e+00],
       [ 3.1670e+01,  5.4700e+00],
       [ 5.6830e+01,  7.6300e+00],
       [ 9.9170e+01,  1.2530e+01],
       [ 3.7670e+01,  1.8570e+01],
       [ 3.3000e-01,  2.3700e+01],
       [ 0.0000e+00,  2.5630e+01],
       [ 0.0000e+00,  2.3200e+01],
       [ 3.3000e-01,  1.7430e+01],
       [ 8.8500e+01,  1.1400e+01],
       [ 8.0170e+01,  5.5700e+00],
       [ 2.3330e+01,  4.8000e+00],
       [ 5.8670e+01,  4.0000e+00],
       [ 6.2000e+01,  7.5700e+00],
       [ 5.3000e+01,  1.0520e+01],
       [ 8.1330e+01,  1.3600e+01],
       [ 3.1670e+01,  1.9500e+01],
       [ 0.0000e+00,  2.4710e+01],
       [ 0.0000e+00,  2.6580e+01],
       [ 0.0000e+00,  2.4680e+01],
       [ 0.0000e+00,  2.0000e+01],
       [ 2.1330e+01,  1.2820e+01],
       [ 2.8670e+01,  6.2600e+00],
       [ 3.7000e+01,  1.7800e+00],
       [ 4.3330e+01,  3.9000e-01],
       [ 4.2000e+01,  3.9200e+00],
       [ 7.3670e+01,  8.7000e+00],
       [ 3.7330e+01,  1.3120e+01],
       [ 3.6700e+00,  1.9050e+01],
       [ 6.7000e-01,  2.4340e+01],
       [ 3.3000e-01,  2.6370e+01],
       [ 0.0000e+00,  2.3500e+01],
       [ 0.0000e+00,  1.8100e+01],
       [ 1.0200e+02,  1.0840e+01],
       [ 5.3000e+01,  3.6700e+00],
       [ 1.1670e+01,  1.8300e+00],
       [ 3.7330e+01,  1.5200e+00],
       [ 3.5000e+01,  2.3500e+00],
       [ 2.6830e+01,  7.5500e+00],
       [ 2.8000e+01,  1.4200e+01],
       [ 1.5000e+01,  2.0240e+01],
       [ 2.6700e+00,  2.4160e+01],
       [ 0.0000e+00,  2.6420e+01],
       [ 0.0000e+00,  2.4620e+01],
       [ 0.0000e+00,  1.9470e+01],
       [ 7.3000e+01,  1.3000e+01],
       [ 5.4170e+01,  6.5200e+00],
       [ 3.8170e+01,  1.9800e+00],
       [ 3.6670e+01,  3.6200e+00],
       [ 3.6330e+01,  6.5700e+00],
       [ 3.7330e+01,  1.0170e+01],
       [ 3.2330e+01,  1.3090e+01],
       [ 1.8000e+01,  1.8670e+01],
       [ 4.0000e+00,  2.4770e+01],
       [ 1.3300e+00,  2.6330e+01],
       [ 6.7000e-01,  2.3760e+01],
       [ 6.6700e+00,  1.8320e+01],
       [ 6.3670e+01,  1.1540e+01],
       [ 1.0017e+02,  6.1000e+00],
       [ 6.7670e+01, -1.3000e+00],
       [ 5.4330e+01, -3.0000e+00],
       [ 5.1670e+01,  4.1600e+00],
       [ 6.9000e+01,  9.6200e+00],
       [ 3.3000e+01,  1.4610e+01],
       [ 3.3300e+00,  1.9730e+01],
       [ 0.0000e+00,  2.5230e+01],
       [ 0.0000e+00,  2.7080e+01],
       [ 6.7000e-01,  2.4440e+01],
       [ 3.7670e+01,  1.8970e+01],
       [ 3.8670e+01,  1.0950e+01],
       [ 4.8000e+01,  6.2800e+00],
       [ 2.4330e+01,  3.2000e+00],
       [ 1.7330e+01,  4.7500e+00],
       [ 3.2000e+01,  5.9700e+00],
       [ 6.4890e+01,  8.9700e+00],
       [ 3.8140e+01,  1.4740e+01],
       [ 8.4300e+00,  2.1030e+01],
       [ 2.4900e+00,  2.6200e+01],
       [ 1.8600e+00,  2.7310e+01],
       [ 4.9700e+00,  2.4270e+01],
       [ 1.4180e+01,  1.9690e+01],
       [ 1.2189e+02,  1.2150e+01],
       [ 1.0925e+02,  4.7800e+00]])
dataset.describe()
pre	temp	dis
count	396.000000	396.000000	396.000000
mean	35.282677	13.160985	3.336995
std	32.730027	8.895174	4.882894
min	0.000000	-8.130000	0.000000
25%	2.830000	5.197500	0.237500
50%	31.835000	12.530000	1.265000
75%	58.710000	21.562500	4.177500
max	162.670000	29.170000	29.310000
from sklearn.model_selection import train_test_split
X_train,X_test,y_train,y_test= train_test_split(X,y,test_size = 0.2, random_state = 0)
y_test
​
array([1.420e+00, 2.000e-02, 2.000e-02, 6.840e+00, 4.200e+00, 0.000e+00,
       2.280e+00, 7.640e+00, 1.600e+00, 1.670e+00, 3.180e+00, 1.513e+01,
       1.244e+01, 2.200e-01, 3.510e+00, 3.580e+00, 7.880e+00, 2.000e-02,
       1.400e+00, 1.270e+00, 2.200e+00, 1.890e+00, 5.700e-01, 8.730e+00,
       9.000e-02, 3.320e+00, 2.890e+00, 1.470e+01, 1.104e+01, 7.000e-02,
       2.365e+01, 8.800e-01, 5.600e-01, 3.020e+00, 4.000e-02, 2.100e-01,
       7.500e-01, 1.100e-01, 4.000e-01, 1.150e+00, 4.800e+00, 1.370e+00,
       9.100e-01, 2.520e+00, 1.710e+00, 4.200e-01, 3.400e-01, 1.250e+00,
       1.600e-01, 5.300e-01, 5.850e+00, 8.300e-01, 1.037e+01, 5.000e-01,
       7.880e+00, 2.800e-01, 2.400e+00, 1.000e-02, 8.900e-01, 3.540e+00,
       1.860e+00, 2.000e-02, 4.490e+00, 1.175e+01, 1.720e+00, 5.000e+00,
       1.990e+00, 1.000e-02, 4.200e-01, 4.090e+00, 6.200e-01, 1.000e-02,
       3.770e+00, 5.200e+00, 8.680e+00, 1.400e-01, 1.032e+01, 0.000e+00,
       1.311e+01, 1.727e+01])
from sklearn import preprocessing import numpy as np X_scaled_train=preprocessing.scale(X_train)

X_scaled_train

y_scaled_train=preprocessing.scale(y_train)

y_scaled_train

X_scaled_test=preprocessing.scale(X_test)

X_scaled_test

y_scaled_test=preprocessing.scale(y_test)

y_scaled_test

model_rbf1=SVR(kernel="rbf", C=28, gamma=4.7).fit(X_train,y_train)
model_rbf1.score(X_train,y_train)
F=model_rbf1.predict(X_train)
F
​
array([ 3.70058922e-01,  4.74313394e-01,  2.96990671e+00,  1.10043226e-01,
        1.69751707e-01,  2.90060327e-01,  1.90243676e-01,  2.50030696e-01,
        2.20093765e-01,  7.09684638e-01,  3.00303796e-01,  1.01051777e+00,
        2.45048793e+00,  8.50482793e-01,  1.91030132e+00,  2.20599728e+01,
        4.19665698e-01,  8.80535134e-01,  7.30968602e+00,  2.03197146e-01,
        1.19988630e-01,  7.00051397e-01,  1.07201975e+01,  1.30044141e-01,
        2.05997472e+00,  2.75964185e+00,  1.54281466e-01,  3.46007764e+00,
        1.35972812e+00,  2.37977241e+00,  2.64005210e+00,  1.25008226e+00,
        1.10990197e+00,  2.87404531e-01,  1.50373772e-01,  4.56004322e+00,
        6.24366554e-01,  1.18799094e+01,  1.29761965e-01,  1.01003149e+00,
        1.70970768e+00,  1.06097512e+01,  1.30171041e-01,  1.65994273e+00,
        1.35700516e+01,  6.09007643e+00,  6.99213288e-01,  1.29943841e-01,
        2.04009402e+00,  1.10406927e-01,  7.49667498e-01,  9.98897408e-02,
        8.79798641e-01,  9.80156178e-01,  2.02003719e+00,  4.79873626e-01,
        1.08000937e+00,  7.20274629e-01,  4.21996234e+00,  1.09918737e-01,
        1.50542839e-01,  1.80006672e+00,  3.35711417e-01,  1.48973431e+00,
        3.69911787e-01,  3.50004438e+00,  5.74986286e+00,  2.38015618e+00,
        2.63600146e+01,  1.70007519e+00,  7.16982535e+00,  1.39804522e-01,
        2.15042660e+00,  2.05997703e+01,  2.20137016e-01,  1.22002322e+01,
        1.00200572e+01,  1.40052495e-01,  4.12978880e+00,  3.29874407e-01,
        1.01009511e+00,  1.31000518e+00,  5.10981460e+00,  5.25962101e+00,
        1.50074262e-01,  1.09647667e-01,  1.85007447e+00,  8.30070633e-01,
       -2.49321847e-02,  1.35004707e+00,  1.07997751e+00,  2.59886237e-01,
        3.53006906e+00,  2.68977032e+00,  3.24977685e+00,  2.55981705e+00,
        1.40984904e+00,  1.09928727e-01,  1.90243676e-01,  2.76004502e+00,
        8.50019989e-01,  7.49006915e+00,  1.74402676e+01,  1.05015255e+00,
        1.28007295e+00,  1.57196397e+01,  7.28024809e+00,  2.50485645e-01,
        2.34030299e+00,  4.50542614e-01,  2.80972811e+00,  9.02875691e-02,
        6.59900327e-01,  1.90288272e-01,  1.19657613e-01,  1.69723594e-01,
        4.00046291e-01,  9.20243294e-01,  1.65976110e+00,  1.28009160e+00,
        1.10477526e-01,  4.93005221e+00,  5.75006584e+00,  1.33005264e+00,
        4.50266584e-01,  5.40973590e+00,  3.99749456e-01,  2.69927292e-01,
        1.82397208e+01,  8.00092858e-01,  2.29746195e-01,  9.09782330e-01,
        3.81886178e-01,  1.75198578e+01,  2.30142559e-01,  2.11006015e+00,
        4.89958224e-01,  1.25990185e+00,  2.45998731e+00,  1.79008738e+00,
        3.75977251e+00,  5.09816764e-01,  1.10051499e-01,  1.39886238e-01,
        6.72979272e+00,  1.66201885e+01,  1.40498507e-01,  6.35059302e+00,
        3.27987364e+00,  2.10802856e-01,  2.20050597e-01,  1.72967659e+00,
        2.31027853e+00,  1.40070502e-01,  1.80992363e+00,  1.82006584e+00,
        6.02980448e+00,  6.71005325e+00,  4.10003149e+00,  5.00376678e-01,
        4.35989004e+00,  1.78986881e+00,  2.21397990e+01,  1.66977612e+00,
        1.09928730e-01,  1.41004941e+00,  1.17981703e+00,  3.39691753e-01,
        1.19894808e-01,  1.59703013e-01,  1.21800508e+01,  8.59890648e-01,
        3.77939123e+00,  8.79977032e+00,  1.20348986e-01,  3.35711417e-01,
        5.19955729e-01,  1.14171647e-01,  1.00075177e-01,  3.60573226e-01,
        2.50051416e-01,  2.05974302e+00,  1.35600940e+01,  2.70969837e+00,
        6.50993888e+00,  3.26970304e+00,  1.19796775e+01,  3.29911393e-01,
        4.62054725e+00,  1.69932034e-01,  7.04039089e+00,  5.06001273e+00,
        3.00283715e-01,  7.20156325e-01,  2.28005188e+00,  3.12093035e-01,
        9.46993888e+00,  1.30000318e+01,  2.15978233e+00,  4.74759017e-01,
        3.75049078e+00,  1.18900777e+01,  2.00515874e-02,  1.27103030e+01,
        3.40073064e-01,  1.70053005e-01,  1.00967843e+00,  4.18983365e+00,
        1.16900916e+01,  1.80012360e-01,  2.05002206e+01,  1.14005718e+00,
        3.55006298e+00,  2.69849812e-01,  4.38007045e+00,  4.49938233e-01,
        4.07004614e+00,  2.80094092e-01,  3.23004614e+00,  3.89588851e+00,
        1.39975726e+00,  3.30053277e-01,  7.94006029e+00,  3.79734322e-01,
        1.39799618e-01,  5.99962335e-01,  2.00009512e+00,  2.86002201e+00,
        6.50055918e-01,  2.69750639e-01,  2.68969094e+00,  3.24981280e+00,
        1.32500475e+01,  4.70074572e-01,  1.38105423e+01,  2.92105131e+01,
        1.46008607e+00,  6.23996933e+00,  1.61009717e+00,  1.34005142e+00,
        4.19631426e-01,  5.60492798e-01,  4.23963319e+00,  5.26005188e+00,
        1.00967246e+00,  3.89646219e+00,  3.99958591e-01,  6.00047072e-01,
        1.60601798e+01,  4.00987405e+00,  1.34701562e+01,  2.60097170e-01,
        1.09777344e-01,  4.04989832e+00,  5.23035742e+00,  2.80998507e+00,
        1.80081198e-01,  6.89632856e-01,  1.50503952e-01,  1.52005141e+00,
        4.52005265e+00,  3.18043781e+00,  1.30465813e-01,  1.89747296e-01,
        6.02975068e+00,  1.00896798e+01,  1.66900675e+01,  6.82383728e-01,
        8.00061542e-01,  6.89009284e+00,  4.20087380e-01,  1.89154811e-01,
        2.59622958e-01,  3.20023631e-01,  3.53990391e+00,  1.09670748e-01,
        1.98990215e+00,  3.10051589e-01,  1.45397761e+01,  1.59880916e-01,
        1.20125765e-01,  1.40082422e-01,  6.86041583e+00,  1.39004561e+00,
        6.10037194e-01,  2.49922332e-01,  1.12296582e+01,  1.35965919e+00,
        2.02991141e+00,  3.06005079e+00,  3.29858110e-01,  7.27997468e+00,
        3.79681659e-01,  9.20045614e-01,  1.39730779e-01,  4.69997991e-01,
        8.10415862e-01,  6.47004944e+00,  1.93981116e+00,  1.36975620e+00,
        7.93009376e+00,  8.40037652e-01,  1.45997236e+01,  1.44102720e+01,
        6.04977032e+00,  8.77005328e+00,  1.09624021e-01,  1.20541383e-01,
        6.80305654e-01,  2.92780752e+00,  2.67989027e+00,  1.34013428e+00,
        1.08976413e+00,  2.60057153e-01,  2.58963733e+00,  6.85997238e+00])
model_rbf2=SVR(kernel="rbf", C=28, gamma=4.7).fit(X_test,y_test)
model_rbf2.score(X_test,y_test)
P=model_rbf2.predict(X_test)
P
array([ 1.52004493,  0.11987862,  0.12042934,  6.74019951,  4.15271687,
        0.09989763,  2.37987822,  7.54004624,  1.69969508,  1.77018014,
        3.27998332, 15.03006687, 12.34011715,  0.31993043,  3.61010304,
        3.67993819,  7.77989186,  0.12036461,  1.49999623,  1.36993043,
        2.30020946,  1.9900814 ,  0.46989709,  8.629687  ,  0.05009427,
        3.4202241 ,  2.99020946, 14.6002241 , 10.93963372,  0.17027991,
       23.55022094,  0.97994088,  0.45997179,  3.119687  ,  0.14030817,
        0.30976901,  0.85048419,  0.20999623,  0.49976901,  1.249687  ,
        4.69960451,  1.47006688,  1.00993111,  2.61969508,  1.80967228,
        0.51968765,  0.44004427,  1.34967228,  0.26018013,  0.07292922,
        5.74991642,  0.93014249, 10.26996657,  0.59978365,  7.77996657,
        0.38011715,  2.49985744,  0.10963974,  0.99010304,  3.6402179 ,
        1.95993043,  0.12007225,  4.38993816, 11.65013198,  1.8200814 ,
        4.90013198,  2.09004427,  0.11013225,  0.15215966,  4.15266267,
        0.51991183,  0.11004493,  3.87013983,  5.10004624,  8.57960451,
        0.24035759, 10.21993043,  0.10046156, 13.00998332, 17.16993861])
import pandas as pd
df1=pd.DataFrame(P)
df1.to_csv('PRE.X.TEST.csv',index=False)

import pandas as pd
df1=pd.DataFrame(P)
df1.to_csv('PRE.X.TEST.csv',index=False)
​
dataset = pd.read_csv('EGHLIM.csv')
dataset.head()
​
pr	T
0	57.048859	0.794168
1	55.877556	-0.075163
2	51.224292	2.131631
3	44.556278	7.119147
4	26.471071	14.333383
y_predict=model_rbf2.predict(dataset)
y_predict
array([ 4.15266267,  4.15266267,  4.15270629,  4.15266597,  4.15266267,
        4.15266267,  4.15265616,  0.28038836,  0.70287865,  3.02383161,
        4.15265896,  4.15266267,  4.15266267,  4.15266267,  4.15266267,
        4.15266284,  4.15266267,  4.15266267,  0.13786868,  0.46501733,
        0.56272404,  4.15266267,  4.15266267,  4.15266267,  4.15267235,
        7.28476756,  4.15293654,  4.15266267,  4.15266267,  4.15266267,
        4.15230882,  0.31650087,  0.58141053,  1.78857814,  4.15266839,
        4.15266267,  4.15266267,  4.14614019,  4.15266267,  4.15266267,
        4.15266267,  4.15266267,  4.08974062,  0.05584848,  0.41550283,
        4.15444856,  4.1540461 ,  4.15266267,  3.25754388,  4.1504039 ,
        4.15266267,  4.15266267,  4.15266267,  4.15273806,  3.04362075,
        4.14148111,  0.26710699,  4.14543454,  4.15266267,  4.15266267,
        4.15266267,  4.15265696,  4.15266267,  4.14094541,  4.15268027,
        4.15266267, -0.02406106,  0.43095561, -0.05504687,  4.15266267,
        4.15266267,  4.15266267,  4.15266267,  4.15266267,  4.15272186,
        4.15266267,  4.15266267,  3.97643886,  4.152644  ,  4.15266267,
        3.79902589,  3.09964174,  4.13989119,  4.15266267,  4.13965394,
        4.15266267,  4.15266267,  4.15266267,  3.55339025,  4.15266267,
        4.15084922,  4.15266267,  4.15100369,  3.02164945,  4.15266267,
        4.15266267,  4.15266267,  4.15262998,  3.93928119,  4.15266267,
        4.15266267,  4.15266267,  4.15265083,  4.15266267, -0.05504687,
        4.15266267,  4.15266261,  4.15266267,  4.15266267,  4.15266267,
        4.15266267,  4.15266267,  4.15266267,  4.15266267,  4.15266267,
        0.91929779,  0.15218551,  2.00501516,  4.12303832,  4.15266267,
        4.15266267,  4.15266267,  4.15265617,  4.15266267,  4.15266267,
        4.15266279,  4.15266267,  4.14281591,  3.61343365,  4.14733963,
        4.15237512,  4.15266267,  3.674286  ,  3.77257848,  4.15266267,
        4.15266267,  4.15266267,  4.15266267,  4.15266267,  4.11381342,
        0.73806804,  4.15266267,  4.15266267,  4.15266267,  4.15214135,
        4.15266267,  4.15330941,  4.15266267,  4.15266267,  4.15266267,
        4.152662  ,  4.14801292,  1.98589048,  0.3451759 ,  4.15266267,
        4.15266267,  4.15266267,  4.15266267,  4.15267542,  4.15266267,
        4.15266267,  4.15266267,  0.48834199,  4.03126132,  0.13044906,
        3.04197374,  4.15266267,  4.15264166,  4.15266267,  4.15266267,
        4.15265643,  4.15266267,  4.15266267,  4.15266267,  3.76941849,
        4.15265392,  3.21826819,  4.15266308,  4.15262325,  4.19807322,
        4.15266267,  4.15266267,  4.15266267,  4.15266267,  4.15265216,
        4.16909125,  4.15266267,  4.15266257,  3.96423398,  4.14980891,
        4.15266209,  4.15266253,  4.15266267,  4.15604806,  4.15262991,
        4.15266267,  4.1525023 ,  4.15240559,  4.1526626 ,  4.15266248,
        0.02255952,  4.15217927,  4.39753827,  4.15266267,  4.15266219,
        4.15266267,  4.15266267,  4.15266267,  4.15266267,  4.16576817,
        0.49005894,  4.15263931,  0.17855906,  4.15266267,  4.15266267,
        4.15266267,  4.15266267,  3.60196279,  4.15266267,  4.15266267,
        4.15266267,  4.15266267,  0.82459636,  4.08350709,  0.50008089,
        4.15266045,  4.15266267,  4.15266267,  4.15266267,  4.15266267,
        4.15266267,  4.15266267,  4.17059235,  4.15295328,  3.827096  ,
        0.43095561,  0.08666275,  4.15189187,  4.15265762,  4.15266267,
        4.15266263,  4.15266276,  4.15266267,  4.15266267,  4.15266267,
        4.15266267,  4.15266267,  3.84636856,  0.50008089,  4.15266267,
        4.15266278,  4.15266267,  4.15266267,  4.1526334 ,  4.1529151 ,
        4.15266267,  4.15266267,  4.15266267,  4.15266267,  3.9948096 ,
        0.13044906,  4.15186478,  4.15266267,  4.15266267,  4.15266267,
        4.15266267,  4.15266272,  4.15266267,  5.93198661,  4.15266267,
        3.70480624,  4.15266267,  0.2732808 ,  4.02311012,  4.15266267,
        4.15266267,  4.15266267,  4.17986609,  4.15266267,  4.15266267,
        4.15266267,  4.15266267, -0.07169566,  4.15121877,  0.25205881,
        4.24546622,  4.15266267,  4.15266267,  4.15266267,  4.40669122,
        4.15265433,  4.15266267,  4.15266267,  4.52298639,  3.68181981,
        2.374429  ,  3.0373956 ,  4.15266267,  4.15266267,  4.15266267,
        4.15266267,  4.15266267,  4.15247982,  4.15266257,  4.15266267,
        4.15266267,  1.64370002,  4.15262414,  3.89585065,  4.15264213,
        4.15266267,  4.15266267,  4.15266254,  4.08057854,  4.15266267,
        4.15266267,  4.15266267,  4.15266267,  0.53776223,  1.00983252,
        0.6627939 ,  3.04476935,  4.15266267,  4.15266267,  4.15266267,
        4.08528435,  4.15266267,  4.15266267,  4.15266267,  4.15266267,
       -0.02040129,  4.12064217,  0.19126494,  3.23257554,  4.15266267,
        4.15266267,  4.1504126 ,  4.15266196,  4.15266267,  4.15266267,
        4.15266267,  4.11781073,  3.32597263,  3.96114999,  0.11636372,
        2.39272095,  4.15266267,  4.1525206 ,  4.15266267,  2.8947408 ,
        4.14914245,  4.15266267,  4.15266267,  4.15266267,  4.0252329 ,
        4.01681614,  0.33922303,  4.13829648,  4.15266267,  4.15266267,
        4.1450729 ,  4.15266266,  4.15266267,  4.15266267,  4.12248973,
        4.15266267,  4.15266267,  4.0561278 ,  0.59770815,  4.14801875,
        4.15266267,  4.15266267,  4.15266267,  4.15266267,  4.152663  ,
        4.15060168,  4.15266267,  1.79647913,  0.06956381,  4.1525782 ,
        1.11354971,  4.15266267,  4.13282247,  4.15266267,  4.15266267,
        4.15392521,  4.15266267,  4.15266267,  4.15266267,  3.85584753,
        4.15265285,  4.15266234,  1.76802498,  4.15266267,  4.15266267,
        4.15266267,  4.15266267,  4.15266267,  4.15929755,  4.15266267,
        4.15266276,  4.15266267,  1.02961638,  4.15266236, -0.04807238,
        4.08948458,  4.15266267,  4.15266267,  4.15266267,  4.15266267,
        4.15266267,  4.15266267,  4.15266267,  4.15266267,  0.35121193,
        4.15266262,  0.05024521,  4.15266267,  4.15266267,  4.15266267,
        4.15266267,  4.15266267,  4.21910237,  4.15266267,  4.15266267,
        4.15266267,  0.84034416,  4.0244566 ,  0.18247901,  4.14297841,
        4.15266267,  4.15266267,  4.15266267,  5.26698648,  4.152662  ,
        4.15266274,  4.15266267,  4.15266267,  0.4063039 ,  4.15266102,
        1.85953537,  4.15266372,  4.15266267,  4.15266267,  4.14390935,
        4.15266267,  4.15266267,  4.15266267,  4.15266267,  4.15266267,
        4.15266267,  4.15266267,  1.53743756,  4.15550105,  4.15266267,
        4.15226013,  4.15266267,  4.15266267,  4.15266267,  4.15266267,
        4.15266267,  4.15266267,  4.15266262,  4.15266267,  4.09664138,
        4.15266267,  4.15266267,  4.15266267,  4.15266267,  4.15266267,
        4.15266267,  4.15266267,  4.15266267,  4.15266267,  4.15266267,
        4.15266267,  4.15266267,  0.83528016,  4.15266267,  4.15266267,
        4.15266252,  4.15266272,  4.15266267,  4.15266264,  4.15266267,
        4.15266265,  4.15266267,  4.15266267,  4.15266267,  0.83079062,
        4.15266267,  4.15263588,  4.15324163,  4.15266418,  4.15266267,
        4.15266219,  4.15266267,  4.15266267,  4.15266267,  4.15266267,
        4.09664138,  4.15266267,  4.15266267,  4.15266267,  4.15266267,
        4.15266267,  4.15266267,  4.15262049,  4.15266267,  4.15266267,
        1.82603292,  4.15266267,  0.21348988,  4.13866689,  4.15266267,
        4.15266267,  4.15266267,  4.1505458 ,  4.0374016 ,  4.15266267,
        4.15266267,  4.15266267,  1.10002398,  4.15266267,  4.15266267,
        1.8703643 ,  4.65025915,  4.15266267,  4.1526329 ,  4.15266301,
        4.15266267,  4.15264383,  4.15266267,  4.15266267,  4.0789044 ,
        4.15266267,  3.11256985,  4.15266267,  4.15266267,  4.15266267,
        4.15266267,  4.15266267,  4.15294872,  3.92847635,  4.15266267,
        4.15266267,  3.73612337,  4.15266267,  4.08037824,  0.28891238,
        4.15266267,  4.15266267,  4.15266267,  4.15266267,  4.15266267,
        4.15266267,  3.88858163,  4.15266267,  3.74263971,  4.15266267,
        2.11907764,  1.73259823,  4.15266267,  4.15266267,  4.15266267,
        4.15185576,  2.89687983,  4.15266267,  4.15266267,  4.15266267,
        1.56344612,  4.15266267,  4.13030207,  4.15266267, 13.83845067,
        4.36722839,  4.15266267,  4.15266267,  4.15266267,  4.15266267,
        4.15266267,  4.15266267,  4.14286913,  4.15266267,  4.15258955,
        4.14170654,  4.15266267,  4.12868714,  4.1541225 ,  4.15266267,
        4.15266267,  4.15266267,  3.77084941,  4.14956368,  4.15266267,
        4.15266267,  4.05277525,  0.50917434,  4.15266267,  4.15266267,
        4.15266267,  3.89735032,  4.15266267,  4.15266267,  4.15266267,
        4.15266267,  4.15265979,  4.15266267,  3.06729157,  4.15266267,
        4.15266267,  4.15266267,  4.15266267,  4.15521091,  4.15266267,
        4.1658284 ,  4.15266267,  3.89500555,  1.45584682,  4.15266267,
        1.17902828,  4.15008899,  4.15266267,  4.15266267,  4.15266267,
        4.15266267,  4.15266267,  4.15266267,  4.15266267,  4.15266298,
        1.10649673,  4.15266267, -0.12930278,  4.15262064,  4.15266267,
        4.15266267,  4.15266267,  4.15266267,  4.15266267,  4.08179985,
        4.15265596,  4.15266267,  2.93531388,  4.15266267,  1.17902828,
        3.81591184,  4.15265606,  4.15266267,  4.15266267,  4.15266267,
        4.15266267,  4.15266267,  4.15266267,  4.15266267,  3.79560712,
        4.15266267,  2.11907764,  0.83938835,  4.29128531,  4.15266267,
        4.1532215 ,  4.15266267,  4.15266267,  4.15266267,  4.15266267,
        4.15266267,  2.61637627,  4.15266267,  4.15266041,  3.16093603,
        4.15266267,  4.15266267,  4.15266149,  4.15345946,  4.15266267,
        4.15266267,  4.15266267,  4.15266267,  4.15120299,  4.15266267,
        4.14906853,  4.15266267,  4.15266267,  4.15266267,  4.15266267,
        4.15266267,  4.15266267,  4.15266267,  4.15266267,  4.15122785,
        3.89574849,  4.15266267,  4.13771632,  3.81591184,  4.15266267,
        4.15266267,  4.15266267,  4.15266267,  4.15266267,  4.15466969,
        4.15266267,  4.15266267,  4.13856288,  4.15266267,  4.15266267,
        4.15266267,  4.15266267,  4.15266267,  4.15266267,  4.15887618,
        4.15266267,  4.15266268,  4.15266267,  4.15266267,  2.37275977,
        4.15266267,  1.03777316,  3.62549205,  4.15266267,  4.15266267,
        4.15266267,  4.15266267,  4.15266267,  4.15285382,  4.15266267,
        4.15266267,  4.15231051,  4.15266267,  4.15262417,  0.57892935,
        4.15266267,  4.15266267,  3.36512523,  4.2164537 ,  4.15266267,
        4.15266267,  4.15266267,  4.15266267,  4.12746267,  4.15266267,
        2.32988969,  0.99021902,  4.15266267,  4.15266267,  4.15266267,
        4.15266267,  4.15266267,  4.15266267,  4.15266267,  4.15266267,
        4.03543358,  4.15266267,  4.15257561,  0.13977693,  4.15266267,
        4.15266267,  4.14641203,  4.15266267,  4.15266267,  4.15266267,
        4.15266267,  4.15266267,  4.15254681,  4.15266267,  3.72133564,
        4.14408104,  4.15266267,  4.15266267,  4.15266267,  4.15266265,
        4.15266271,  4.15266267,  4.15266267,  4.15266267,  4.15266257,
        4.15266267,  4.1519312 ,  4.15266267,  4.15365553,  4.15266267,
        4.15266267,  4.15266267,  4.15266267,  4.04986631,  4.15266267,
        4.15266267,  4.15266267,  4.15266267,  4.15266267,  4.15266267,
        4.15266267,  4.15266267])
import pandas as pd
df1=pd.DataFrame(y_predict)
df1.to_csv('y_predict.csv',index=False)
​
​
